0.25
2 0 2 0 2 0 0
2 0 2 0 2 1 0
2 0 2 1 2 0 0
2 0 2 1 2 1 0
2 1 2 0 2 0 0
2 1 2 0 2 1 0
2 1 2 1 0 0 0
2 1 2 1 0 1 0

0.25
2 0 2 0 1 0 0
2 0 2 0 1 1 0
2 0 2 1 2 0 0
2 0 2 1 2 1 0
2 1 2 0 2 0 0
2 1 2 0 2 1 0
2 1 2 1 0 0 0
2 1 2 1 0 1 0

0.25
2 0 2 0 1 0 0
2 0 2 0 1 1 0
2 0 2 1 2 0 0
2 0 2 1 2 1 0
2 1 2 0 2 0 0
2 1 2 0 2 1 0
2 1 2 1 2 0 0
2 1 2 1 2 1 0

0.25
2 0 1 0 2 0 0
2 0 1 0 2 1 0
2 0 1 1 2 0 0
2 0 1 1 2 1 0
2 1 2 0 2 0 0
2 1 2 0 2 1 0
2 1 2 1 2 0 0
2 1 2 1 2 1 0

0.17343
2 0 1 0 2 0 0
2 0 1 0 2 1 0
2 0 1 1 2 0 0
2 0 1 1 2 1 0
2 1 2 0 2 0 0
2 1 2 0 2 1 0
2 1 2 1 2 0 0
2 1 2 1 2 1 0

0.24354
2 0 2 0 2 0 0
2 0 2 0 2 1 0
2 0 2 1 2 0 0
2 0 2 1 2 1 0
2 1 2 0 2 0 0
2 1 2 0 2 1 0
2 1 2 1 2 0 0
2 1 2 1 2 1 0

0.28413
2 0 2 0 1 0 0
2 0 2 0 1 1 0
2 0 2 1 2 0 0
2 0 2 1 2 1 0
2 1 2 0 2 0 0
2 1 2 0 2 1 0
2 1 2 1 2 0 0
2 1 2 1 2 1 0

0.29889
2 0 2 0 2 0 0
2 0 2 0 2 1 0
2 0 2 1 2 0 0
2 0 2 1 2 1 0
2 1 2 0 2 0 0
2 1 2 0 2 1 0
2 1 2 1 0 0 0
2 1 2 1 0 1 0

