0.25
2 0 2 0 2 0 0
2 0 2 0 2 1 0
2 0 2 1 2 0 0
2 0 2 1 2 1 0
2 1 2 0 2 0 0
2 1 2 0 2 1 0
2 1 2 1 0 0 0
2 1 2 1 0 1 0

0.25
2 0 2 0 1 0 0
2 0 2 0 1 1 0
2 0 2 1 2 0 0
2 0 2 1 2 1 0
2 1 2 0 2 0 0
2 1 2 0 2 1 0
2 1 2 1 0 0 0
2 1 2 1 0 1 0

0.25
2 0 2 0 1 0 0
2 0 2 0 1 1 0
2 0 2 1 2 0 0
2 0 2 1 2 1 0
2 1 2 0 2 0 0
2 1 2 0 2 1 0
2 1 2 1 2 0 0
2 1 2 1 2 1 0

0.25
2 0 1 0 2 0 0
2 0 1 0 2 1 0
2 0 1 1 2 0 0
2 0 1 1 2 1 0
2 1 2 0 2 0 0
2 1 2 0 2 1 0
2 1 2 1 2 0 0
2 1 2 1 2 1 0

0.1841473594415805
2 0 2 0 2 0 0
2 0 2 0 2 1 0
2 0 2 1 2 0 0
2 0 2 1 2 1 0
2 1 2 0 2 0 0
2 1 2 0 2 1 0
2 1 2 1 2 0 0
2 1 2 1 2 1 0

0.2118761166286464
2 0 2 0 2 0 0
2 0 2 0 2 1 0
2 0 2 1 2 0 0
2 0 2 1 2 1 0
2 1 2 0 2 0 0
2 1 2 0 2 1 0
2 1 2 1 0 0 0
2 1 2 1 0 1 0

0.28673955068590834
2 0 1 0 2 0 0
2 0 1 0 2 1 0
2 0 1 1 2 0 0
2 0 1 1 2 1 0
2 1 2 0 2 0 0
2 1 2 0 2 1 0
2 1 2 1 2 0 0
2 1 2 1 2 1 0

0.31723697324386474
2 0 2 0 1 0 0
2 0 2 0 1 1 0
2 0 2 1 2 0 0
2 0 2 1 2 1 0
2 1 2 0 2 0 0
2 1 2 0 2 1 0
2 1 2 1 0 0 0
2 1 2 1 0 1 0
